// Start Time: Unknown
// Update Rate: 100.0Hz
// Filter Profile: human (46.1)
// Firmware Version: 4.3.5
PacketCounter,Acc_X,Acc_Y,Acc_Z,Gyr_X,Gyr_Y,Gyr_Z
38995,9.054333,-3.481302,0.838551,-0.002631,-0.002640,0.004669
38996,9.022734,-3.444288,0.837278,0.007952,0.004522,0.002255
38997,9.056470,-3.414713,0.868737,0.013191,0.003165,0.004253
38998,9.071791,-3.400801,0.896789,0.010956,0.000734,0.002437
38999,9.106125,-3.436750,0.874419,0.006044,0.000551,0.003705
39000,9.090249,-3.418459,0.873747,0.000227,-0.001593,0.004888
39001,9.090322,-3.451741,0.847135,0.003366,0.002797,0.006789
39002,9.114181,-3.400773,0.829093,0.003891,0.001360,0.006813
39003,9.105087,-3.405890,0.901596,-0.000579,-0.003501,0.003182
39004,9.089476,-3.420525,0.873705,-0.007644,-0.002874,0.007559
39005,9.104997,-3.439864,0.873918,-0.007545,-0.002822,0.005938
39006,9.086344,-3.456209,0.870221,-0.006739,-0.000914,0.007644
39007,9.070338,-3.438364,0.869190,0.002408,-0.004101,0.009909
39008,9.088535,-3.423428,0.872124,0.005085,-0.006348,0.006825
39009,9.082683,-3.459822,0.893430,0.000751,-0.003030,0.004912
39010,9.069609,-3.407125,0.894858,-0.001385,-0.005408,0.001475
39011,9.085276,-3.426079,0.895022,0.002325,-0.007341,0.004985
39012,9.058150,-3.479395,0.936998,0.000668,-0.006271,-0.000012
39013,9.039987,-3.527873,0.906467,0.009814,-0.009459,0.002251
39014,9.077217,-3.529201,0.885740,0.021835,-0.014791,-0.001813
39015,9.062108,-3.575873,0.831033,0.026975,-0.016201,0.001803
39016,9.062183,-3.575784,0.830599,0.054712,-0.025608,0.003721
39017,9.080479,-3.527105,0.860622,0.076922,-0.023989,0.003703
39018,9.074145,-3.464297,0.963135,0.070196,-0.015074,0.006545
39019,9.083834,-3.486104,1.013062,0.055461,-0.015614,0.010361
39020,9.045177,-3.644450,1.073472,0.042909,-0.005639,0.020940
39021,9.030781,-3.883926,1.009926,0.090728,-0.011096,0.040590
39022,9.085778,-3.931695,1.091887,0.173582,-0.018370,0.057802
39023,9.015876,-3.855635,1.291367,0.218233,-0.016721,0.062528
39024,9.102999,-3.781770,1.338527,0.236956,-0.011536,0.070285
39025,9.073239,-3.654863,1.228192,0.229007,0.019674,0.090922
39026,9.006726,-3.377863,0.949218,0.186223,0.033378,0.096032
39027,9.025021,-3.193262,0.624027,0.121540,0.021267,0.083318
39028,9.136026,-3.212800,0.395242,0.075918,0.003094,0.062201
39029,9.155903,-3.233618,0.350351,0.057520,0.004578,0.038142
39030,9.061531,-3.189563,0.294031,0.080751,-0.004854,0.010446
39031,9.006097,-3.135920,0.364298,0.110178,-0.044581,-0.018475
39032,9.039283,-3.094994,0.564584,0.111368,-0.081557,-0.029815
39033,9.060127,-3.506581,0.815318,0.106065,-0.096486,-0.015566
39034,9.095483,-4.053803,1.285683,0.156802,-0.078010,0.025198
39035,9.101953,-4.488220,1.936268,0.229571,-0.043339,0.086839
39036,9.027107,-4.750168,2.345972,0.288011,-0.012157,0.163643
39037,9.045873,-4.732721,2.439097,0.314202,0.026945,0.243001
39038,8.945166,-4.466209,2.087659,0.307742,0.075364,0.298880
39039,8.880021,-3.916759,1.379530,0.282160,0.090668,0.308152
39040,8.834036,-3.546531,0.689338,0.271852,0.068980,0.286270
39041,8.841057,-3.377773,0.143325,0.259376,0.030034,0.241809
39042,8.867756,-3.404596,-0.285727,0.280740,-0.018004,0.199737
39043,8.889329,-3.540907,-0.473969,0.346617,-0.069707,0.165444
39044,8.883463,-3.746370,-0.495436,0.392225,-0.110760,0.134566
39045,8.752649,-3.803735,-0.211059,0.446118,-0.142137,0.123431
39046,8.738526,-3.928106,0.356200,0.429732,-0.169920,0.154973
39047,8.825899,-4.220336,0.934498,0.352630,-0.151646,0.229121
39048,8.729431,-4.634627,1.445522,0.294242,-0.105291,0.316737
39049,8.610558,-4.894234,1.810048,0.277089,-0.073652,0.398810
39050,8.578241,-4.942678,2.061536,0.255427,-0.068098,0.464960
39051,8.571925,-4.912133,1.996294,0.263863,-0.053984,0.519444
39052,8.397440,-4.969742,1.449407,0.345160,-0.065587,0.554069
39053,8.229561,-4.858070,0.729936,0.486297,-0.135389,0.559345
39054,8.238606,-4.669709,0.100475,0.650587,-0.233767,0.545388
39055,8.275069,-4.368265,-0.460390,0.814293,-0.334678,0.519753
39056,8.446474,-3.960607,-0.651158,0.919158,-0.402771,0.480096
39057,8.685363,-3.585320,-0.500445,0.935014,-0.420168,0.434432
39058,8.872975,-3.602285,-0.068376,0.840418,-0.387555,0.409894
39059,8.942579,-3.953653,0.499272,0.675492,-0.321930,0.439774
39060,8.884124,-4.632137,1.086442,0.517196,-0.251099,0.521551
39061,8.721413,-5.261891,1.667661,0.413318,-0.204969,0.617742
39062,8.610277,-5.591239,1.985016,0.386575,-0.203402,0.707273
39063,8.463808,-5.658902,2.005871,0.407968,-0.233986,0.753272
39064,8.303434,-5.617243,1.818781,0.504754,-0.288481,0.760655
39065,8.303015,-5.548357,1.494641,0.643442,-0.344092,0.755831
39066,8.189783,-5.311735,0.850094,0.766380,-0.384760,0.741276
39067,8.116469,-5.010102,0.123472,0.873201,-0.457867,0.724991
39068,8.203906,-4.739017,-0.474947,0.965340,-0.546538,0.690148
39069,8.365142,-4.535951,-0.848635,0.978785,-0.584420,0.642871
39070,8.419143,-4.559436,-0.954702,0.928791,-0.585173,0.592791
39071,8.334042,-4.936768,-0.789000,0.825038,-0.565078,0.575083
39072,8.262094,-5.294118,-0.275058,0.741644,-0.542601,0.608536
39073,8.131566,-5.620210,0.410563,0.681435,-0.510738,0.653986
39074,8.086756,-5.741680,1.114954,0.644568,-0.499215,0.699554
39075,7.939361,-5.737999,1.721069,0.616630,-0.496718,0.739547
39076,7.900842,-5.681146,1.970803,0.643595,-0.498204,0.766025
39077,7.824112,-5.752126,1.974242,0.706599,-0.516878,0.780365
39078,7.774262,-5.707623,1.357435,0.806799,-0.561688,0.803768
39079,7.971008,-5.311755,0.306805,0.903947,-0.623835,0.793705
39080,8.149197,-4.673327,-0.689196,0.959718,-0.676599,0.722122
39081,8.066896,-4.213523,-1.429107,0.924692,-0.729927,0.610305
39082,8.178551,-3.781785,-1.757220,0.845931,-0.768250,0.504249
39083,8.283514,-4.251775,-1.714710,0.649357,-0.738029,0.443195
39084,8.187451,-5.394360,-0.973594,0.503265,-0.657995,0.455086
39085,7.999744,-6.342957,0.065668,0.459941,-0.601538,0.549518
39086,8.062840,-6.682243,1.339130,0.474514,-0.571472,0.651305
39087,8.182965,-6.551144,2.457964,0.483374,-0.548143,0.709843
39088,8.135471,-6.051625,3.006705,0.499157,-0.520957,0.699276
39089,7.873147,-5.628183,2.859576,0.514841,-0.518720,0.655538
39090,7.648635,-5.268347,2.011733,0.575256,-0.572879,0.601260
39091,7.616209,-4.983247,0.930568,0.670759,-0.639486,0.540673
39092,7.791653,-4.680259,0.094088,0.770635,-0.697356,0.482850
39093,7.906346,-4.435205,-0.727087,0.796196,-0.718071,0.412298
39094,7.807831,-4.545042,-1.440084,0.723404,-0.721841,0.331734
39095,7.759746,-4.698366,-1.239457,0.706552,-0.744757,0.267518
39096,7.935212,-5.269310,-0.407874,0.658778,-0.738033,0.256334
39097,7.884921,-5.585880,0.515287,0.654132,-0.667386,0.283303
39098,7.798225,-5.427870,1.185350,0.586827,-0.588412,0.303710
39099,7.643933,-4.852083,1.351881,0.509141,-0.555304,0.316830
39100,7.541518,-4.372719,0.874307,0.268508,-0.557402,0.327657
39101,7.418094,-4.784807,-0.184429,0.163291,-0.598103,0.318483
39102,7.497786,-4.954125,-0.822975,0.212349,-0.649619,0.283021
39103,7.819722,-5.177799,-0.963616,0.287215,-0.666303,0.244718
39104,8.130818,-5.573140,-0.693096,0.344777,-0.670299,0.249411
39105,8.334933,-5.973692,-0.046096,0.413332,-0.643935,0.261775
39106,8.336141,-6.271546,0.514152,0.513078,-0.597267,0.253255
39107,8.245340,-5.815756,0.737085,0.606980,-0.597526,0.238360
39108,8.449298,-5.172693,0.733262,0.654640,-0.599801,0.209830
39109,8.566860,-4.675675,0.642698,0.660602,-0.557168,0.175476
39110,8.448562,-4.375958,0.337063,0.610778,-0.559673,0.137017
39111,8.497399,-4.611963,0.120650,0.502911,-0.584368,0.128242
39112,8.786034,-5.082802,-0.040054,0.476440,-0.577192,0.146901
39113,8.964548,-5.169065,0.242606,0.415239,-0.508214,0.154506
39114,8.903389,-5.524634,0.276014,0.381099,-0.458442,0.122512
39115,8.963171,-4.983251,0.496162,0.431668,-0.428059,0.051570
39116,9.042837,-4.377261,0.602517,0.360159,-0.359530,-0.023384
39117,9.129691,-3.854983,0.774122,0.312958,-0.296521,-0.066454
39118,9.265640,-4.050809,0.895142,0.212876,-0.249929,-0.082152
39119,9.496006,-4.373319,1.187286,0.228877,-0.218486,-0.084656
39120,9.532441,-4.824892,1.634485,0.187468,-0.154404,-0.093619
39121,9.327192,-5.233365,1.782306,0.142406,-0.071636,-0.102151
39122,9.113065,-5.159430,1.602277,0.175357,-0.044746,-0.095839
39123,9.236569,-4.707276,1.392207,0.166169,-0.022449,-0.112799
39124,9.634804,-4.378188,1.436415,0.127796,0.054561,-0.158690
39125,9.793274,-3.841526,1.243718,0.092683,0.160458,-0.233340
39126,9.860476,-3.336973,1.075586,0.019737,0.223699,-0.297639
39127,10.186890,-3.339186,1.214258,-0.115614,0.319860,-0.334147
39128,10.629089,-3.138071,1.096276,-0.150455,0.479927,-0.384418
39129,11.088593,-2.011029,1.430576,-0.263129,0.699080,-0.478763
39130,11.335336,-0.999504,1.884881,-0.563466,0.908815,-0.610934
39131,11.400343,-0.870419,2.162087,-0.914367,1.108667,-0.757247
39132,11.271336,-1.857736,2.817784,-1.178624,1.319516,-0.871781
39133,10.867063,-3.818104,3.317015,-1.351993,1.532083,-0.864084
39134,10.307940,-5.570377,3.057930,-1.317240,1.649446,-0.713016
39135,9.980011,-7.172112,2.184767,-1.232644,1.638257,-0.516827
39136,9.830373,-8.312731,1.683894,-0.909624,1.552368,-0.424657
39137,9.873901,-8.596505,1.806875,-0.534441,1.455646,-0.435201
39138,9.700837,-8.357962,2.235605,-0.180331,1.418536,-0.467216
39139,9.323797,-7.678698,2.570308,0.070258,1.439965,-0.479670
39140,8.908575,-7.063462,2.305126,0.124129,1.471284,-0.444913
39141,8.509798,-6.599253,1.403274,0.190925,1.445812,-0.388452
39142,8.186993,-6.031180,0.235361,0.383020,1.343521,-0.372346
39143,7.934644,-5.291032,-0.411975,0.620903,1.201743,-0.441517
39144,8.317881,-4.708570,-0.411140,0.723054,1.097667,-0.490564
39145,8.953781,-4.953787,-0.190984,0.573193,1.169201,-0.431606
39146,9.108271,-5.966975,0.156789,0.387829,1.304630,-0.305848
39147,9.014399,-6.751535,0.976718,0.343606,1.380388,-0.173929
39148,9.022240,-6.992301,2.873511,0.364844,1.433743,-0.072961
39149,8.853803,-6.641854,4.366792,0.289212,1.516009,0.019059
39150,8.482745,-5.777257,4.936727,0.121196,1.591728,0.078974
39151,8.240254,-5.195776,4.467172,-0.178498,1.649298,0.138996
39152,8.060915,-5.267021,3.565843,-0.407641,1.713312,0.203462
39153,7.894745,-5.627938,2.878114,-0.550600,1.770724,0.271312
39154,7.532052,-5.924951,2.157769,-0.539499,1.756769,0.345356
39155,7.140919,-5.816620,1.200645,-0.427514,1.625320,0.400939
39156,7.088024,-5.710797,0.408888,-0.311831,1.452108,0.398291
39157,7.379610,-6.132979,0.221058,-0.164632,1.321049,0.392469
39158,7.639810,-6.910088,0.920472,-0.099615,1.281160,0.456767
39159,7.555148,-7.515298,1.981331,-0.057593,1.323859,0.550994
39160,7.567198,-7.585681,3.466999,-0.012596,1.363906,0.690390
39161,7.680125,-7.318879,4.848367,0.017545,1.411018,0.868695
39162,7.522056,-7.010259,5.522683,-0.073888,1.501336,1.003242
39163,7.170234,-6.906517,5.508131,-0.185621,1.564329,1.066607
39164,7.079217,-6.788291,5.401170,-0.241183,1.583539,1.098093
39165,7.163571,-6.806047,5.089199,-0.288033,1.572694,1.142677
39166,7.147351,-6.658824,4.331674,-0.250498,1.596194,1.172699
39167,6.747305,-6.340785,3.345320,-0.270915,1.618645,1.164569
39168,6.470289,-6.181250,2.527452,-0.233710,1.588537,1.130865
39169,6.590377,-6.313559,2.568522,-0.211897,1.592026,1.109342
39170,6.730458,-6.674360,2.997737,-0.131502,1.640463,1.137291
39171,6.683577,-6.614922,3.925888,-0.079786,1.712190,1.187276
39172,6.502884,-6.364967,5.072484,-0.196452,1.792049,1.264647
39173,6.349888,-6.360668,5.942825,-0.412434,1.849408,1.371937
39174,6.124827,-6.678441,6.188689,-0.643620,1.892993,1.497286
39175,5.745494,-7.228160,5.642428,-0.827421,1.890863,1.628523
39176,5.485859,-7.857169,4.986046,-0.818221,1.871609,1.715600
39177,5.463540,-8.076336,4.579989,-0.709008,1.866308,1.772605
39178,5.167573,-8.159869,4.182452,-0.574840,1.830021,1.810171
39179,4.778733,-7.988062,3.780006,-0.387916,1.775701,1.783406
39180,4.310222,-7.637855,3.545820,-0.299113,1.655986,1.726509
39181,4.108958,-7.668054,3.214519,-0.240053,1.525944,1.660505
39182,4.307402,-7.450090,3.703194,-0.169109,1.562428,1.611360
39183,4.285441,-7.252553,4.755937,-0.289606,1.722812,1.639383
39184,4.095922,-7.129184,5.505389,-0.482691,1.818308,1.749675
39185,3.854393,-7.148510,5.670430,-0.641183,1.865483,1.824678
39186,3.605339,-7.098886,6.084173,-0.813869,1.936935,1.869955
39187,3.206183,-7.434515,5.937193,-1.026534,1.957106,1.920871
39188,2.923152,-7.761169,5.284185,-1.082576,1.963700,1.945288
39189,2.861268,-8.047125,5.139451,-1.179417,2.001867,1.936984
39190,2.530755,-8.644391,4.479505,-1.157456,1.971258,1.951451
39191,2.037845,-8.853990,3.593586,-0.899298,1.893711,1.938080
39192,1.401069,-8.507328,2.962246,-0.623555,1.760287,1.880459
39193,0.978964,-7.984049,2.829043,-0.389895,1.601309,1.748479
39194,0.786883,-7.278351,3.888072,-0.341864,1.483628,1.608122
39195,1.200109,-7.232776,4.978018,-0.465144,1.427143,1.597126
39196,1.538313,-7.275763,5.408693,-0.643980,1.496331,1.654316
39197,1.255638,-7.400912,5.330408,-0.863249,1.638428,1.719618
39198,0.621545,-7.601334,4.830740,-0.994420,1.723057,1.780041
39199,0.088703,-7.733394,4.596276,-1.098814,1.706186,1.825879
39200,0.109280,-8.016237,4.021383,-1.143207,1.593224,1.862963
39201,0.057729,-7.931760,3.735995,-1.085206,1.558382,1.786659
39202,-0.264993,-7.958465,3.453295,-1.143492,1.521981,1.656572
39203,-0.734011,-8.140576,2.361619,-1.051930,1.451257,1.533534
39204,-1.131751,-7.897046,1.724165,-0.877004,1.399717,1.444591
39205,-1.461764,-7.240497,1.849487,-0.791502,1.284321,1.362053
39206,-1.404593,-6.996547,3.182737,-0.886976,1.234327,1.282723
39207,-1.536626,-7.487784,4.739913,-1.125139,1.310564,1.262402
39208,-1.947530,-8.313325,5.002894,-1.405248,1.398092,1.304060
39209,-2.486650,-9.020331,4.446890,-1.424505,1.402940,1.404800
39210,-2.821281,-9.615526,3.907759,-1.361718,1.295213,1.487255
39211,-2.591372,-10.291066,3.351091,-1.126667,1.146693,1.577133
39212,-2.377391,-10.133473,2.739121,-0.796430,1.058757,1.600603
39213,-2.489054,-9.339206,2.416809,-0.479210,1.022527,1.555772
39214,-3.171034,-8.244628,2.232361,-0.350860,0.973736,1.405031
39215,-3.001236,-7.472104,1.817991,-0.255120,0.827456,1.255674
39216,-2.536471,-6.581505,1.911490,-0.377673,0.804243,1.162080
39217,-2.407705,-6.580582,2.036020,-0.673964,0.863465,1.115149
39218,-2.481761,-7.128945,2.330647,-0.850258,0.969728,1.124388
39219,-3.190662,-7.551050,2.728684,-1.009551,1.079647,1.111204
39220,-4.175509,-7.788852,2.880279,-1.083799,1.109110,1.071978
39221,-4.714867,-8.201074,2.846693,-1.222379,1.041546,1.015900
39222,-4.007429,-9.099974,2.882937,-1.150137,0.891706,1.035963
39223,-4.080406,-9.656690,2.171413,-0.980716,0.820292,1.071484
39224,-3.816264,-9.715498,1.450361,-0.603588,0.681587,1.061580
39225,-3.681249,-8.874293,1.625067,-0.371061,0.642113,1.063296
39226,-3.905077,-8.139073,1.416450,-0.214848,0.593027,1.005116
39227,-3.957647,-6.951055,1.433623,-0.149094,0.603140,0.902653
39228,-4.212103,-6.305927,1.861091,-0.356582,0.639985,0.811292
39229,-4.368605,-6.384581,1.762965,-0.495056,0.599355,0.749845
39230,-4.112896,-6.575305,1.565569,-0.602482,0.548238,0.681075
39231,-3.757900,-7.409443,1.401606,-0.624783,0.521585,0.604706
39232,-3.789625,-7.581436,1.582079,-0.504418,0.531615,0.545084
39233,-3.975659,-7.502803,2.359043,-0.477503,0.574671,0.533758
39234,-4.271056,-7.418763,2.479393,-0.446961,0.646770,0.552115
39235,-5.192212,-7.364089,1.603460,-0.396541,0.637756,0.477350
39236,-5.293568,-7.398328,0.573021,-0.185471,0.422238,0.314293
39237,-4.615550,-7.041532,0.229368,0.061851,0.182164,0.162015
39238,-4.039078,-6.935580,0.260900,0.223007,0.035056,-0.011574
39239,-3.433980,-6.994797,0.643098,0.372745,-0.016581,-0.165796
39240,-3.659953,-6.611273,1.179546,0.480149,-0.007603,-0.242510
39241,-4.475952,-5.877268,1.805006,0.455483,0.012192,-0.289750
39242,-4.778744,-5.655255,1.761079,0.375063,-0.018166,-0.345056
39243,-4.097044,-5.947973,2.137893,0.202469,0.027914,-0.355922
39244,-3.994881,-6.811692,1.709219,0.127745,0.099057,-0.356906
39245,-4.232314,-6.951993,1.542026,0.255177,0.099440,-0.418413
39246,-4.561947,-6.708538,0.777296,0.368512,0.006517,-0.536984
39247,-4.637862,-6.174820,-0.224311,0.464991,-0.198082,-0.728856
39248,-3.465133,-6.201686,-0.334317,0.483400,-0.365200,-0.938348
39249,-3.217911,-6.670185,0.236967,0.420414,-0.346263,-1.044912
39250,-3.436608,-7.106517,1.127726,0.389609,-0.362163,-1.081315
39251,-3.557442,-7.466323,2.077904,0.287533,-0.352020,-1.055923
39252,-4.108536,-7.946765,2.454717,0.197742,-0.273482,-0.997508
39253,-4.536322,-8.394430,2.396783,0.161534,-0.271586,-0.973662
39254,-4.198329,-8.912758,2.444888,0.186720,-0.312288,-0.992403
39255,-3.699279,-9.262541,2.892738,0.250882,-0.277687,-0.998643
39256,-3.668148,-9.262997,2.956909,0.331209,-0.268862,-1.029797
39257,-3.530261,-9.089450,2.399795,0.461942,-0.376115,-1.109134
39258,-3.402746,-8.753637,1.383984,0.652340,-0.520042,-1.201441
39259,-2.994229,-8.351256,0.925394,0.865343,-0.701332,-1.336216
39260,-2.511103,-8.063213,1.592521,1.000946,-0.768008,-1.438937
39261,-2.758785,-8.015747,2.716323,1.001159,-0.743035,-1.498350
39262,-3.013152,-8.270254,3.535865,0.958625,-0.796801,-1.546673
39263,-2.922287,-9.022430,3.441506,0.978055,-0.862607,-1.559287
39264,-2.787470,-8.903645,3.060877,1.098455,-0.876612,-1.475200
39265,-2.985043,-8.466732,2.534715,1.122360,-0.839276,-1.371920
39266,-1.786285,-8.401555,2.495397,1.147103,-0.863635,-1.367133
39267,-1.324810,-7.930248,2.518691,1.102367,-0.749469,-1.398222
39268,-1.871477,-7.368077,2.427585,0.986902,-0.710076,-1.482996
39269,-1.576986,-7.346070,2.102484,0.836946,-0.854407,-1.608948
39270,-0.864616,-7.724974,2.006335,0.776294,-0.980353,-1.769317
39271,-0.394665,-8.167450,2.873584,0.658542,-1.011234,-1.908458
39272,-0.745748,-9.403916,3.755052,0.638579,-1.033386,-1.962213
39273,-1.132032,-10.359060,4.885358,0.738782,-0.989831,-1.859178
39274,-0.894995,-10.805707,5.508010,0.904929,-0.938219,-1.657382
39275,-1.406117,-10.699076,5.743226,1.025823,-0.830529,-1.503711
39276,-2.137315,-10.860699,5.218299,1.132115,-0.868281,-1.463911
39277,-1.545571,-10.681288,5.076480,1.316603,-1.005445,-1.482973
39279,-0.089318,-10.059577,4.702525,1.461337,-1.080956,-1.510698
39280,-0.090191,-8.847203,3.778966,1.707976,-1.225078,-1.612246
39281,0.250861,-7.872543,3.079271,1.688173,-1.247218,-1.618822
39282,0.460395,-6.764935,2.571770,1.706063,-1.260010,-1.630713
39283,0.761828,-6.438352,3.181863,1.607493,-1.243350,-1.709085
39284,0.497730,-6.737253,4.373209,1.410719,-1.112345,-1.758760
39285,0.366463,-7.331133,5.048887,1.147207,-1.155139,-1.801771
39286,1.455460,-8.105750,5.226921,1.033300,-1.370962,-1.822039
39287,2.529797,-8.930086,5.818635,0.949550,-1.444591,-1.830054
39288,2.402150,-9.731286,5.909784,1.012475,-1.366593,-1.781813
39289,1.101852,-9.768426,5.555422,1.138431,-1.250370,-1.654946
39290,0.368271,-9.588712,4.400917,1.427921,-1.398546,-1.538519
39291,1.272342,-8.539656,4.450464,1.723567,-1.551560,-1.513554
39292,2.102139,-7.672381,4.815794,1.674995,-1.547136,-1.517547
39293,2.345199,-7.342562,4.058562,1.724928,-1.564224,-1.543833
39294,2.619381,-6.360849,3.913757,1.602495,-1.592624,-1.622672
39295,2.986425,-6.114763,2.714344,1.609080,-1.676611,-1.671364
39296,3.108532,-5.206760,2.148742,1.695714,-1.697296,-1.747806
39297,3.242816,-3.659142,2.818775,1.657951,-1.739154,-1.873091
39298,4.415043,-2.844039,4.866991,1.145104,-1.675401,-1.962597
39299,5.761474,-4.178548,6.103445,0.451011,-1.517395,-1.865885
39300,6.051857,-5.967454,6.508724,-0.007234,-1.335244,-1.663002
39301,5.552670,-7.355596,6.866038,-0.299457,-1.170042,-1.457810
39302,5.187038,-8.432471,7.164464,-0.371995,-1.159847,-1.265628
39303,4.864720,-9.111955,7.086205,-0.269588,-1.208579,-1.133372
39304,4.457072,-9.294619,6.306123,-0.012407,-1.268744,-1.073356
39305,4.299560,-8.973546,4.891231,0.421827,-1.411962,-1.066640
39306,4.895807,-7.727811,4.914077,0.865251,-1.471485,-1.155432
39307,5.521741,-6.685648,5.855113,0.929054,-1.388663,-1.249600
39308,5.619086,-6.084231,6.054568,0.855670,-1.352662,-1.291808
39309,5.437889,-5.592950,5.714609,0.757955,-1.390063,-1.296460
39310,5.680961,-5.643302,5.319857,0.661488,-1.401365,-1.257517
39311,6.240132,-5.951742,5.338099,0.573845,-1.405217,-1.146661
39312,6.532078,-6.425951,5.353450,0.525176,-1.404830,-1.030902
39313,6.734439,-6.800275,5.281911,0.621186,-1.402637,-0.942979
39314,6.979483,-6.907213,5.432223,0.860464,-1.375337,-0.911248
39315,7.340167,-6.411740,5.999490,1.014621,-1.257990,-0.909739
39316,7.422853,-5.659917,6.939451,0.929301,-1.109923,-0.921453
39317,7.200420,-5.333317,7.205762,0.713971,-1.028904,-0.896434
39318,6.931189,-5.367057,6.986252,0.518604,-0.944311,-0.822028
39319,6.439055,-6.010672,6.222453,0.406779,-0.915333,-0.731985
39320,6.337872,-6.626958,5.462020,0.487001,-0.981499,-0.667450
39321,6.403999,-6.743537,4.556456,0.678210,-1.095401,-0.611156
39322,6.479397,-6.395215,3.476832,0.977883,-1.272921,-0.600186
39323,6.926332,-5.840503,2.646413,1.320958,-1.441414,-0.593786
39324,7.481685,-5.100233,2.028336,1.605130,-1.504853,-0.571081
39325,7.805791,-4.002958,2.162859,1.780626,-1.473171,-0.622503
39326,8.090826,-2.832968,3.731282,1.628566,-1.348294,-0.655940
39327,7.997495,-2.401941,5.191977,1.131918,-1.202317,-0.565812
39328,7.877545,-2.973999,5.424259,0.627857,-1.101433,-0.423968
39329,8.005123,-4.011073,6.021044,0.333686,-0.989919,-0.249497
39330,8.343411,-5.196857,7.132457,0.234929,-0.836126,-0.094525
39331,8.325121,-6.001641,7.254377,0.170396,-0.717388,0.038103
39332,8.053609,-6.450445,6.443942,0.224786,-0.709367,0.137002
39333,7.785066,-6.302320,5.129415,0.433047,-0.798426,0.212003
39334,7.688275,-5.586851,3.746922,0.775271,-0.899258,0.148611
39335,7.717447,-4.383807,2.730762,1.115240,-0.965283,-0.026685
39336,7.608081,-2.907274,1.911432,1.239072,-1.030866,-0.219971
39337,7.736021,-1.682076,1.058042,1.192805,-1.180328,-0.385073
39338,8.313901,-1.130433,1.175159,0.976414,-1.250450,-0.417192
39339,8.764685,-1.513966,1.894896,0.679633,-1.199755,-0.359840
39340,9.069313,-2.419955,3.206312,0.408571,-1.084255,-0.213511
39341,8.811479,-3.423264,4.366802,0.103475,-0.931845,-0.029305
39342,8.280448,-4.377646,4.763951,-0.259073,-0.828194,0.170411
39343,8.007881,-5.382308,4.835850,-0.433529,-0.777169,0.347487
39344,8.201147,-6.213496,5.111991,-0.281617,-0.733405,0.442344
39345,8.621702,-6.409870,5.705348,0.137634,-0.644134,0.451058
39346,8.437129,-5.673577,5.834567,0.326035,-0.519924,0.424771
39347,8.001824,-4.617069,5.295907,0.311542,-0.504938,0.404719
39348,7.891562,-3.939666,4.482250,0.147155,-0.581021,0.348896
39349,8.049206,-3.911675,2.940250,0.222428,-0.632352,0.250528
39350,7.923782,-3.541258,1.413655,0.501371,-0.738981,0.164363
39351,7.772363,-3.071125,0.189003,0.616927,-0.948159,0.067128
39352,7.997753,-2.635226,-0.289930,0.727577,-1.126116,-0.018746
39353,8.448181,-2.491066,0.387585,0.747334,-1.187641,-0.039908
39354,8.610660,-3.028551,1.739667,0.713154,-1.145243,0.054220
39355,8.520128,-3.778243,2.966675,0.516832,-1.034383,0.250964
39356,8.361512,-4.266712,3.388958,0.040156,-0.923621,0.486819
39357,8.557263,-4.730404,3.311697,-0.550815,-0.819749,0.696367
39358,9.142694,-5.274651,3.278123,-0.789957,-0.741682,0.851437
39359,9.245193,-5.930193,3.796782,-0.584940,-0.645743,0.910362
39360,8.472027,-5.749704,4.475679,-0.153708,-0.600696,0.852240
39361,7.670394,-5.212749,4.535557,-0.028102,-0.622916,0.757627
39362,7.575613,-4.799406,3.841803,0.045968,-0.695648,0.654782
39363,8.120712,-4.430866,2.804280,0.273063,-0.766361,0.561982
39364,8.643794,-3.960663,1.676589,0.535494,-0.770490,0.483450
39365,8.552700,-3.287828,0.128143,0.677106,-0.857913,0.378814
39366,8.626432,-2.707692,-0.473593,0.770742,-1.079377,0.286034
39367,9.137591,-2.460308,-0.076125,0.513256,-1.232778,0.265383
39368,9.191059,-3.798506,1.330453,0.232043,-1.176554,0.301252
39369,8.519866,-5.284272,2.179767,0.165361,-1.024556,0.479294
39370,8.053399,-5.643069,2.084447,-0.168806,-0.964051,0.752889
39371,8.428198,-5.384997,1.491814,-0.507293,-0.908607,0.965827
39372,8.925257,-5.058989,1.519873,-0.381603,-0.861935,1.000564
39373,9.162336,-4.691988,2.476945,-0.023486,-0.839228,0.916697
39374,9.172879,-3.891026,3.764675,0.172500,-0.780651,0.789052
39375,9.252638,-3.065556,4.211729,0.048873,-0.685481,0.691222
39376,9.298646,-3.388527,3.552434,-0.260386,-0.582688,0.614847
39377,9.110358,-4.638199,2.019279,-0.327037,-0.572776,0.553323
39378,8.542440,-5.532459,0.217285,-0.123058,-0.693839,0.482849
39379,8.031824,-5.839249,-1.159783,0.118830,-0.844639,0.415302
39380,7.927405,-5.809976,-1.182885,0.598792,-1.009610,0.403087
39381,8.341787,-5.054501,0.324843,1.021157,-1.065320,0.427948
39382,8.845921,-4.176511,1.773213,0.948745,-0.966578,0.487656
39383,9.157995,-3.456395,2.706527,0.563127,-0.790818,0.573028
39384,9.336999,-3.147050,2.286719,-0.000440,-0.619331,0.658257
39385,9.354918,-3.555570,1.017329,-0.310980,-0.532072,0.683453
39386,9.891204,-3.855364,0.817195,-0.230986,-0.547344,0.629779
39387,10.330680,-3.929714,1.629346,-0.075230,-0.487008,0.501475
39388,10.198063,-3.917955,2.352999,0.022219,-0.417545,0.337273
39389,9.849363,-3.873966,2.752402,-0.011557,-0.360887,0.194403
39390,9.553337,-3.893117,2.687838,0.091794,-0.346498,0.133288
39391,9.676257,-3.657928,2.324011,0.293858,-0.325483,0.116786
39392,10.131072,-2.777329,2.141326,0.404672,-0.301055,0.088696
39393,10.746600,-1.636823,2.040883,0.363916,-0.233652,0.011488
39394,11.255488,-0.554088,1.803525,0.183965,-0.099274,-0.115013
39395,11.458847,0.418892,1.747992,-0.046825,0.059999,-0.279119
39396,11.513913,1.070192,1.947172,-0.382851,0.236736,-0.450479
39397,11.430380,1.237071,1.877686,-0.837366,0.450913,-0.619624
39398,11.494246,0.934727,1.865918,-1.297593,0.690995,-0.763993
39399,11.457746,-0.020331,2.162287,-1.631389,0.885076,-0.868910
39400,11.402964,-1.662186,2.188178,-1.884087,1.011693,-0.910284
39401,11.560019,-3.514258,2.125913,-2.008351,1.125969,-0.910676
39402,11.348356,-4.851301,1.700957,-1.919888,1.250340,-0.928488
39403,10.649743,-5.446646,1.626057,-1.717369,1.273307,-1.047294
39404,10.028506,-5.806038,1.786835,-1.387502,1.208492,-1.174641
39405,9.456039,-5.984269,1.423160,-1.145857,1.109226,-1.214683
39406,9.001013,-6.016262,0.171827,-1.001457,0.998262,-1.200803
39407,8.842389,-5.603659,-0.581475,-0.569713,0.919474,-1.216710
39408,8.807625,-4.825185,-0.062623,-0.146084,0.887208,-1.268736
39409,8.814576,-4.181387,0.717347,0.082470,0.882540,-1.307364
39410,8.958171,-3.737296,1.124485,0.035676,0.884374,-1.292116
39411,9.276497,-3.433257,0.962514,-0.260219,0.888657,-1.233922
39412,9.452888,-3.419538,0.644755,-0.398797,0.907658,-1.239622
39413,9.339272,-3.117081,0.583726,-0.312003,0.891089,-1.311900
39414,9.170804,-2.535697,0.933542,-0.317180,0.866173,-1.393552
39415,9.346267,-2.431210,0.851971,-0.579452,0.873003,-1.395404
39416,9.627757,-3.475260,0.235570,-0.762693,0.911219,-1.299445
39417,9.512049,-4.827602,-0.327959,-0.787125,0.935354,-1.175433
39418,9.119174,-5.762871,-0.897710,-0.662537,0.812010,-1.120063
39419,8.401307,-5.505772,-1.317857,-0.263857,0.538035,-1.175267
39420,8.314292,-4.098288,-1.043653,0.089420,0.247118,-1.246240
39421,8.702861,-2.645568,0.117626,0.208490,0.143978,-1.274072
39422,8.885848,-1.777175,1.559239,0.104437,0.213919,-1.220913
39423,9.021458,-1.408883,2.463998,-0.199690,0.303745,-1.106718
39424,9.191966,-1.624145,2.575756,-0.598207,0.393950,-0.992592
39425,9.321035,-2.362489,1.747520,-0.968845,0.457835,-0.916923
39426,9.124494,-3.161100,0.334956,-1.233350,0.451624,-0.922359
39427,8.503601,-3.360639,-1.108182,-1.088974,0.352216,-0.986426
39428,8.439963,-2.226771,-1.366834,-0.728493,0.206561,-1.063182
39429,8.963398,-0.967413,-0.346968,-0.669439,0.140529,-1.118708
39430,9.322912,-0.886994,1.017615,-0.899227,0.194485,-1.126480
39431,9.185737,-2.061648,1.989474,-1.186614,0.257349,-1.064334
39432,9.256948,-3.623723,2.629587,-1.308919,0.265046,-0.941875
39433,9.425636,-4.672038,3.109907,-1.154577,0.261130,-0.825038
39434,9.517217,-4.582289,3.700156,-0.893960,0.260410,-0.781837
39435,9.523249,-3.802376,3.636002,-0.791323,0.252903,-0.755980
39436,9.390754,-2.991217,2.612102,-0.753048,0.280092,-0.762113
39437,9.033576,-2.171384,1.439599,-0.568089,0.279753,-0.789157
39438,9.073780,-1.266595,0.890893,-0.429236,0.216373,-0.826947
39439,9.231111,-0.730964,0.461312,-0.456328,0.177234,-0.840606
39440,9.272284,-0.597702,0.338246,-0.578128,0.142423,-0.848849
39441,9.314709,-0.933460,0.625491,-0.694508,0.117563,-0.849020
39442,9.234531,-1.439424,1.221230,-0.735520,0.098142,-0.811734
39443,9.197875,-1.929355,1.781472,-0.784660,0.080830,-0.732883
39444,9.464985,-2.110333,2.452276,-0.842567,0.085133,-0.649148
39445,9.591116,-2.123906,3.110490,-0.856266,0.136592,-0.601955
39446,9.382675,-1.784993,3.237419,-0.870091,0.195228,-0.587833
39447,9.246105,-1.486771,2.587356,-0.970815,0.257379,-0.572600
39448,8.997414,-1.431801,1.658972,-0.966545,0.276987,-0.584815
39449,8.928988,-1.471890,0.808321,-0.829619,0.228697,-0.596394
39450,9.035488,-1.417007,0.029170,-0.790579,0.185050,-0.578975
39451,8.844706,-1.078649,-0.852840,-0.738619,0.109940,-0.577219
39452,8.743541,-0.239426,-1.198115,-0.720571,0.005018,-0.588381
39453,8.913391,0.359359,-0.471051,-0.864132,-0.063432,-0.592996
39454,9.053049,-0.226840,1.126676,-1.110914,-0.067668,-0.576537
39455,9.052333,-1.956851,2.571400,-1.333210,-0.052101,-0.458955
39456,9.108764,-3.912273,3.439417,-1.501229,-0.001715,-0.262463
39457,9.172133,-5.308006,3.720637,-1.446098,0.045482,-0.098893
39458,9.079461,-5.449150,3.593415,-0.926641,0.002539,-0.051634
39459,8.699037,-4.037529,2.970183,-0.375825,-0.075159,-0.050226
39460,8.679452,-2.400849,1.015141,-0.110913,-0.180332,-0.053182
39461,8.971267,-0.975137,-0.090201,0.102930,-0.284607,-0.099068
39462,9.073944,0.016698,-0.005733,0.242867,-0.363507,-0.166349
39463,9.132054,0.709716,0.594323,0.180704,-0.416535,-0.189654
39464,9.262709,0.811201,1.103337,-0.293916,-0.402885,-0.134931
39465,9.292523,-0.222062,1.183148,-0.686771,-0.366611,-0.065631
39466,9.180974,-1.418046,1.377176,-0.813155,-0.344442,-0.020056
39467,8.954303,-2.104952,1.773625,-0.735265,-0.334212,0.011992
39468,8.961679,-2.107537,2.574576,-0.587250,-0.328326,0.049316
39469,9.154545,-1.653859,2.988870,-0.568687,-0.295173,0.079116
39470,9.422570,-1.298725,2.778512,-0.602310,-0.257933,0.095622
39471,9.524684,-1.215153,2.121722,-0.606133,-0.214498,0.070192
39472,9.356412,-1.333388,1.343532,-0.588129,-0.216319,0.052064
39473,9.239731,-1.435037,0.647165,-0.564149,-0.256229,0.081970
39474,9.189730,-1.593572,0.403508,-0.627915,-0.276109,0.121855
39475,9.216085,-1.953078,0.260943,-0.643209,-0.309426,0.171333
39476,9.431543,-2.160501,0.742962,-0.404830,-0.373677,0.206975
39477,9.570290,-1.683473,1.931061,-0.217679,-0.370272,0.212750
39478,9.622521,-1.046613,2.943225,-0.244242,-0.323466,0.215834
39479,9.995953,-0.913487,3.024677,-0.434646,-0.259397,0.224816
39480,9.977326,-1.142721,2.392357,-0.518592,-0.172546,0.215560
39481,9.819497,-1.353147,1.941972,-0.503514,-0.138025,0.202105
39482,9.655811,-1.644634,1.461871,-0.529779,-0.128362,0.215933
39483,9.542284,-1.943844,0.986161,-0.487193,-0.146680,0.237675
39484,9.801968,-2.007600,0.873511,-0.349900,-0.204566,0.266288
39485,10.123451,-1.674309,1.240801,-0.208082,-0.214741,0.271557
39486,10.288846,-1.176809,1.747362,-0.199529,-0.202109,0.260086
39487,10.286485,-0.995920,1.962781,-0.337694,-0.169286,0.247719
39488,10.062247,-1.134953,1.631318,-0.416343,-0.145305,0.223527
39489,9.820161,-1.387047,1.486726,-0.390119,-0.139466,0.201629
39490,9.681174,-1.470201,1.369598,-0.361738,-0.142808,0.185010
39491,9.576911,-1.591457,1.154428,-0.307592,-0.154382,0.168945
39492,9.678526,-1.528332,1.105827,-0.193511,-0.181902,0.151247
39493,9.693061,-1.291145,1.210442,-0.129835,-0.165342,0.126443
39494,9.767522,-1.133519,1.318415,-0.146931,-0.135828,0.106717
39495,9.767831,-1.226039,1.223592,-0.227045,-0.088443,0.095395
39496,9.711472,-1.380103,1.193063,-0.245134,-0.047704,0.085958
39497,9.688750,-1.493999,1.148606,-0.261479,-0.017950,0.076506
39498,9.668869,-1.604247,1.081410,-0.242785,-0.009066,0.066344
39499,9.794789,-1.689654,1.085030,-0.222579,-0.011362,0.059495
39500,9.890495,-1.620775,1.101313,-0.162500,-0.006841,0.042862
39501,9.987088,-1.433856,1.181127,-0.144533,0.001930,0.022675
39502,10.017907,-1.400852,1.187819,-0.176348,0.017843,0.013433
39503,9.973779,-1.461239,1.026907,-0.218261,0.030914,-0.000185
39504,9.914615,-1.459528,0.945779,-0.211676,0.041046,-0.012931
39505,9.861522,-1.524746,0.857892,-0.239643,0.042012,-0.025675
39506,9.790311,-1.535886,0.748692,-0.256883,0.047772,-0.032295
39507,9.743567,-1.626594,0.756861,-0.253482,0.044359,-0.033926
39508,9.675560,-1.707146,0.663320,-0.251972,0.040491,-0.049242
39509,9.607988,-1.708702,0.652992,-0.224084,0.028173,-0.052220
39510,9.627200,-1.680487,0.756375,-0.192677,0.015836,-0.056519
39511,9.646173,-1.804314,0.814992,-0.213228,0.019817,-0.055063
39512,9.538517,-1.968906,0.677245,-0.206757,0.019262,-0.049509
39513,9.493239,-2.022324,0.537408,-0.144930,0.014262,-0.053960
39514,9.416727,-1.958055,0.557862,-0.106144,-0.008475,-0.049402
39515,9.445423,-1.806697,0.652372,-0.113111,-0.027030,-0.045730
39516,9.474295,-1.921850,0.634882,-0.155486,-0.025045,-0.036292
39517,9.357358,-1.982736,0.630012,-0.112153,-0.035508,-0.032538
39518,9.336055,-1.890129,0.857540,-0.057607,-0.056075,-0.026382
39519,9.411087,-1.836676,1.041832,-0.030976,-0.069749,-0.009152
39520,9.449066,-1.791443,1.120556,0.010955,-0.074248,-0.001911
39521,9.508664,-1.684123,1.136458,0.053211,-0.080485,0.010337
39522,9.602308,-1.499465,1.117363,0.093270,-0.094001,0.010223
39523,9.652677,-1.289917,1.145156,0.104546,-0.094076,0.016316
39524,9.721870,-1.171402,1.212231,0.072490,-0.086988,0.016910
39525,9.741121,-1.150911,1.185692,0.024967,-0.068520,0.018224
39526,9.793799,-1.205647,1.080233,-0.022779,-0.043675,0.026553
39527,9.737840,-1.312920,1.029788,-0.050249,-0.036304,0.031029
39528,9.718825,-1.452930,0.979364,-0.075214,-0.039983,0.045426
39529,9.767763,-1.589234,0.937509,-0.061567,-0.042563,0.056701
39530,9.788874,-1.682924,0.947934,-0.056889,-0.038870,0.060642
39531,9.765837,-1.716298,0.862483,-0.040275,-0.036671,0.070696
39532,9.643914,-1.715017,0.844576,-0.018763,-0.040460,0.075894
39533,9.578557,-1.647121,0.892525,0.004641,-0.046346,0.071054
39534,9.575853,-1.543342,0.978046,0.016982,-0.044088,0.072272
39535,9.461010,-1.570352,1.056788,0.006967,-0.040155,0.069808
39536,9.449221,-1.740107,0.954305,-0.015999,-0.042457,0.074330
39537,9.393097,-1.886609,0.774997,-0.005345,-0.044484,0.078577
39538,9.377913,-1.984635,0.657452,0.063565,-0.049597,0.069483
39539,9.346992,-1.950151,0.730882,0.152496,-0.059317,0.067029
39540,9.365202,-1.745572,0.883307,0.209886,-0.064564,0.055068
39541,9.493594,-1.562389,0.871875,0.250062,-0.062750,0.048499
39542,9.537102,-1.289501,0.936965,0.291831,-0.041523,0.037691
39543,9.638455,-0.836426,1.007873,0.283476,-0.012688,0.020995
39544,9.687453,-0.666341,1.086454,0.199756,0.013304,0.014485
39545,9.769065,-0.795417,1.059351,0.084697,0.048428,0.010709
39546,9.736254,-0.984886,0.865102,0.024324,0.069599,0.012905
39547,9.720513,-1.153817,0.800568,-0.013485,0.080651,0.021755
39548,9.722878,-1.376968,0.756698,-0.037170,0.083033,0.029844
